675900407919622073
490593300925023616
6304090185452349905
5115954675705502
374283842661571
3561352660950924
3562114877785397
6331101175470165474
3530545236542913
201751622004054
30345503475660
3541495479065023
491183175485556955
3589377149883360
56022472257796802
377872226618780
372301746852252
490589160655210015
3530469650563885
3589275515401421
30224333126761
5010126744478785
3565396604037450
3531786946431778
5452871468341272
5248143813234662
3583027027186511
3528304803705139
6706526192776282
6334546736196029
201651125337060
5100170700341224
3570685036398701
30024435365592
3535426426553579
4405821714422617
3536101965418224
4041595151759315
630476626988289600
372301376456457
3555808022689185
5007667598918017
3547386764387244
4405443405625802
5002359491832371
201668452337372
060417631866885034
3587212771286628
6771926000949818
3538605285288776
201623241668496
36282612934267
30103988352924
3536156060891113
3578262137475911
3528051519778039
3536462652030437
5010121451465158
3555637071326070
3582448242567270
3586134077395377
3558902271890631
3531920490232817
4041590891594
5602253823188632
3581743057809036
30526441831763
56022341531891947
560225839910346504
5048372789051998
30092182350869
5002359732153710
3551470769519929
4041378285357
0604134201062806
3548373218473571
4913122193888195
3557537859261390
201421028380702
4041373334339946
3588078880770474
30303425174291
56022396919133882
3562929964715357
3586012372372723
3546671372138043
3557538827721556
4508037732305116
3586579937325149
4917367735907716
67595803213610063
30309973303638
4844881863042516
201964671519167
3558258317606899
560224350531588319
5007669137229732
5567458346415874
337941413992768
3585418173806127
337941635723223
30125959194688
4026812623815230
676294334669893369
3586517846454725
5108750686231705
374288436162324
374283675953046
3587020747512559
3585073334946849
6761846554637381
3574127409757102
3530767603908713
589317846206762144
374283096848247
5007664475289182
3563253206752626
3566411851309483
201614372829254
5610741387539646
30305788746599
6372679739155784
560222128646581458
3552814496149352
3548710994313515
3566871404270195
5574324238544703
3556675048358403
3536763449984608
3573256747135431
374283326970894
3537366997794665
6386690285784582
5602228564413190991
3557257390220561
3575744029521848
5508092842794516
3562520796780584
4913162983315488
633110850906980332
372301451725099
4026535105059981
3538447226149050
337941087640644
3573611262774578
3559121593831863
3551893993742001
3549763522372056
3576758628262884
3534213875660332
0604977757668057
3551397865069451
633110829404615012
0604570908985148
4026982098171896
201978921961490
3553389705231514
3583902168959241
4222822915704
3574081238275226
6304869330675331210
372301979292002
5501598039461336
3552098013258652
3567348910399452
670995887957885772
5576098364789948
3530256120059390
201725566895875
4913368794902709
3553219915644992
3548336640621976
5048378188696630
30301894818380
56022265521495676
201425798252611
3587236967611364
3582648649659790
3567057167513844
675979918401962260
5602224683236220977
56104916701985156
6762792861162635003
5602246381720143
3558536307702814
6771704475423363087
201626551296998
5510072181624538
201445362703237
4913764526361794
337941436283666
5602227136246675
5002351507025777
5602248455684114
3531656621617001
3558433487072293
201778875579847
5602216476685220
3535202410192298
4041371926601
3544867080799959
374622136192381
3577988797364604
3575970216602303
56022300991025370
4844037579983911
3575820606535128
5007668697550263
374283757803481
3543657268804114
3588558078525541
373544920236706
3533946208170633
5263629159975561
201640504733262
5610056880648269
374622380242650
36962428452006
676743655602401192
4508221792712961
4175007013557992
4508852057090097
3541421273394146
6399981405464592
6706665557181348
5602210250865389
3568114716047565
5641824802352661564
201828016981277
6762002921017408448
3577476695388859
5108759284372977
348313081773218
3589359884118608
30489121427271
374288551210114
6389224181120811
5289007428146076
4041374589089111
30198374512982
4965237654843
3559007098864576
5048375433574406
3553109687768014
3552081242547707
50388376112899829
3580006698376950
201687331697962
3561694700723567
3577843629257361
3546961175845401
3573980707058966
4508525447694527
677178039342833273
6767954262258477454
5523779765717182
675974816918412032
3556241687422578
3530896420736401
374288135108768
5893538211569999
6304695099991389
5610047284871219
3547383858255817
490318153645217818
30390371935726
4917236139103232
677193874309737260
5002359602334499
3579469588289795
6759159859214065313
5559614273838989
201900249134352
06044609476562577
3534923652820160
6331109741337078218
5602244804019987
372301589924432
6759179145220254141
50181990207151042
201968018704358
3531452627322014
4936732431344208
3580693508683962
3539573030536270
5602233149985275
4903763267874843
4913773493689343
3557201239990521
3588935788671197
3577344247349268
3536515257118558
5425157450399518
3560897519120773
3537241865089458
3544269797789458
3540646933991003
3553614071737814
30094262228825
3533473736776856
5100176249216637
560225157372752550
560223334564535455
5100139454827142
5549182511843073
3536463246641093
5610982213202088
3543007818344783
3574465674481960
3534010802803864
560225552331778813
6378032684277860
6396610758656024
3564232649654697
4844784614923945
3584631572352706
5208166031161860
560222818237065354
3572859309553825
3564392173772677
201624047580786
3572511450015274
3576083683520476
3546766095338837
337941126607422
4041596827211087
3561003224729961
3550318197470069
3533483426030738
3575505414693090
6761685424731575093
374622818585159
4026886427241462
3580710791480805
30254875366459
5602233979801782
3538112226253969
501879227465113508
5602234089042176
3576740080977027
3586758036494812
30423413724517
3579459477824620
676252484479110965
3560301245733132
370183593752112
67613859388358415
3564682689582341
3533631800794788
5602230518684281
3585414286917356
3566810356259863
343341784526729
374288460812968
3586743422109745
374283848728002
3579602660166107
5602257469033010
3583267605758659
3587193148786955
30302196401883
67598931242780628
3587002081763428
201901038672867
6759724207797486
6763771790509293
374288486440448
3582135779440076
4405095157803514
3587881950310837
5002354905063184
3567155492497400
3565298231385403
6759254605909171005
560223887295176741
3538856492579784
3547978043065656
3571224408368461
374288260362578
5893794306672928664
3567460549826894
5108759149395395
560223929984124051
5284988311079679
4405995875108288
30553818190961
3583440024182120
3555534706832558
3585792740510804
3535702107239039
3577738966100366
3566836335503857
5602240572657123
6763397754908824436
3559295217844724
67068748091422495
677166329698865688
3551647748854192
3584862370889744
5602242087793377
4026095540348051
4026641179080232
3545663324426551
67094765297160859
3543612281557165
5010126809330152
3531251559380614
30285524706851
5100149741826161
3532650107942990
3570456875640508
201518019220837
3529966829887551
676359342394703938
3534453152715751
4017951735083
3589620780049522
060401232398332203
5201806619024611
201526102588366
4905127318940789
493698408301243340
5602212486267471
5100145316775114
374288994563434
30153383967602
3564983515280328
30082275247619
5641824303410455339
6376845507281799
6374005842738274
6399585031008515
67090830581183258
4913976386642010
5602222393253076
3568028538055673
5007660323624091
676104817721192887
3565697239520418
6334642841224689
633110533400474651
6767000231774373
5185712768745107
3572358832615904
5602235482850040
5602238419575561455
5610377069269051
3568630825711502
374283052719903
676749664867297158
5602256301976949
6333142227425561732
3588486500527788
6331103026171602
5002353047252713
201958334178858
3564987132717430
5602240122159398
5101099567074041
633371076770319548
3549055848874687
3553570061854698
5010127767751579
5602224783055822
5020322309227401014
3564942713513708
3545106029187490
6767598641014694266
5602242826464280
3587059644253636
3536258001668012
3574591394686404
4913147056011171
633110430167445315
3568782499051390
3529637143442726
3579778682779604
5602239124379863
30121726085044
6376200959291146
5007662065430760
3529914499158507
4557222222071218
5602249844891113
5641824217353751175
3589679310848530
5602242503902396
5100173325994021
3534948100827327
5418557738989031
30078499201853
3563673700931253
5407201006896551
4936412790512873
3582405353815294
3530602256449915
5020888768812937227
3558927343798728
30212974822368
5100141216933317
