01010
05-094
05460
057418
09-310
09116
0968
1000-005
101 22
11102
1114
1119
11403
1181
11920-000
12251
131 22
13630-000
13670-000
142 82
142263
142308
152257
155 33
155028
1607
162572
164 45
17110
178 54
2000-715
20057
20249
20436
2113
21292
22-602
2200
22005
2284
23205
23249
2330-524
238548
24-220
243429
2437
24421
2495
25005
252 28
25290
25940-000
26-510
26110
26130
2615-284
26301
2645-168
2665-105
273 01
2758
27600-000
2765-343
27900-000
2825-106
289-1211
2902
2950-137
3001
3005
3070-063
31110
319-3117
3200-399
3250-104
32883
330 27
3334
33514
346396
34788
352251
352537
3526
353490
361424
37-230
370 06
370-0535
373 82
37470-000
37487
37630
37665
38280-000
3830-455
393479
398 51
399-8205
40101
40602
41062
411 86
413545
418008
42-470
4201
423190
43-410
432 30
4346
44150
442153
445359
44700-000
45110
45150
452555
453187
45345-000
454092
456022
456664
456843
456862
4605-431
462 87
47-470
4730-410
4740-010
4745-358
4751
4821
4960-180
507-0901
5120
5172
519-3674
53288
5513
56000
5607
56944
58-405
58-521
5829
5889
59-920
59320
59347-000
6005-005
601554
6126
612711
613570
61600-000
6215
62280-000
622937
62680-000
6341
6370-105
6415
6417
649780
658670
66120
6617
664 05
6710
672 24
675 26
679 53
6804
6816
7008
701 81
70130
702 21
712 31
739 45
75185
75277
75518
75920-000
7646
77-124
78190-000
78436
788 16
791 70
792 52
8004
80140
8117
83101
8421
8500
856019
86-230
879-0444
89-525
89-620
90000
904-2145
92035
929-1576
93380
93820
94807
97620
999-6732
999-6735
